0.119999999999999996
0.127659574468085069
0.180000000000000049
0.355555555555555514
0.260869565217391353
0.300000000000000044
0.387755102040816313
0.319999999999999951
0.239999999999999991
0.040816326530612290
0.208333333333333370
0.160000000000000031
0.160000000000000031
0.060000000000000053
0.099999999999999978
0.119999999999999996
0.199999999999999956
0.180000000000000049
0.180000000000000049
0.119999999999999996
0.204081632653061229
0.300000000000000044
0.099999999999999978
0.239999999999999991
0.119999999999999996
0.060000000000000053
0.479999999999999982
0.280000000000000027
0.250000000000000000
0.180000000000000049
0.326530612244897989
0.300000000000000044
0.599999999999999978
0.359999999999999987
0.500000000000000000
0.599999999999999978
0.540000000000000036
0.239999999999999991
0.339999999999999969
0.319999999999999951
0.540000000000000036
0.300000000000000044
0.339999999999999969
0.239999999999999991
0.580000000000000071
0.300000000000000044
0.540000000000000036
0.300000000000000044
0.280000000000000027
0.439999999999999947
0.333333333333333370
0.204081632653061229
0.339999999999999969
0.199999999999999956
0.560000000000000053
0.420000000000000040
0.300000000000000044
0.219999999999999973
0.479999999999999982
0.469387755102040782
0.719999999999999973
0.280000000000000027
0.640000000000000013
0.260000000000000009
0.439999999999999947
0.306122448979591844
0.459999999999999964
0.560000000000000053
0.755102040816326481
0.108695652173913082
0.339999999999999969
0.140000000000000013
0.099999999999999978
0.540000000000000036
0.500000000000000000
0.239999999999999991
0.260000000000000009
0.380000000000000004
0.359999999999999987
0.339999999999999969
0.163265306122448939
0.219999999999999973
0.199999999999999956
0.142857142857142905
0.244897959183673519
0.160000000000000031
0.339999999999999969
0.079999999999999960
0.122448979591836760
0.183673469387755084
0.060000000000000053
0.199999999999999956
0.099999999999999978
0.140000000000000013
0.119999999999999996
0.099999999999999978
0.140000000000000013
0.239999999999999991
0.160000000000000031
0.297872340425531901
0.060000000000000053
0.437500000000000000
0.060000000000000053
0.180000000000000049
0.339999999999999969
0.183673469387755084
0.359999999999999987
0.209302325581395388
0.375000000000000000
0.216216216216216228
0.300000000000000044
0.238095238095238138
0.265306122448979553
0.224489795918367374
0.339999999999999969
0.204081632653061229
0.276595744680851019
0.219999999999999973
0.309523809523809534
0.469387755102040782
0.416666666666666630
0.199999999999999956
0.339999999999999969
0.355555555555555514
0.591836734693877542
0.239999999999999991
0.459999999999999964
0.136363636363636354
0.219999999999999973
0.020833333333333370
0.083333333333333370
0.224489795918367374
0.160000000000000031
0.260000000000000009
0.408163265306122458
0.040000000000000036
0.079999999999999960
0.180000000000000049
0.099999999999999978
0.020000000000000018
0.224489795918367374
0.166666666666666630
0.140000000000000013
0.160000000000000031
0.163265306122448939
0.139534883720930258
0.122448979591836760
0.166666666666666630
0.060000000000000053
0.102040816326530615
0.217391304347826053
0.459999999999999964
0.260000000000000009
0.260000000000000009
0.265306122448979553
0.400000000000000022
0.119999999999999996
0.260000000000000009
0.479999999999999982
0.500000000000000000
0.306122448979591844
0.239999999999999991
0.260000000000000009
0.619999999999999996
0.219999999999999973
0.346938775510204134
0.560000000000000053
0.604166666666666741
0.400000000000000022
0.199999999999999956
0.500000000000000000
0.300000000000000044
0.339999999999999969
0.408163265306122458
0.163265306122448939
0.439999999999999947
0.400000000000000022
0.319999999999999951
0.102040816326530615
0.339999999999999969
0.416666666666666630
0.219999999999999973
0.346938775510204134
0.319999999999999951
0.459999999999999964
0.420000000000000040
0.400000000000000022
0.560000000000000053
0.300000000000000044
0.428571428571428603
0.219999999999999973
0.260000000000000009
0.380000000000000004
0.560000000000000053
0.219999999999999973
0.199999999999999956
0.359999999999999987
0.479999999999999982
0.239999999999999991
0.300000000000000044
0.530612244897959107
0.400000000000000022
0.339999999999999969
0.180000000000000049
0.520000000000000018
0.380000000000000004
0.380000000000000004
0.280000000000000027
0.260000000000000009
0.359999999999999987
0.285714285714285698
0.319999999999999951
0.359999999999999987
0.319999999999999951
0.219999999999999973
0.265306122448979553
0.160000000000000031
0.199999999999999956
0.140000000000000013
0.416666666666666630
0.367346938775510168
0.140000000000000013
0.520000000000000018
0.224489795918367374
0.359999999999999987
0.119999999999999996
0.580000000000000071
0.387755102040816313
0.160000000000000031
0.142857142857142905
0.346938775510204134
0.580000000000000071
0.239999999999999991
0.439999999999999947
0.219999999999999973
0.339999999999999969
0.459999999999999964
0.439999999999999947
0.479999999999999982
0.085106382978723416
0.719999999999999973
0.400000000000000022
0.380000000000000004
0.183673469387755084
0.119999999999999996
0.280000000000000027
0.599999999999999978
0.079999999999999960
0.679999999999999938
0.408163265306122458
0.428571428571428603
0.061224489795918324
0.260000000000000009
0.183673469387755084
0.122448979591836760
0.041666666666666630
0.183673469387755084
0.319999999999999951
0.099999999999999978
0.160000000000000031
0.199999999999999956
0.160000000000000031
0.280000000000000027
0.180000000000000049
0.439999999999999947
0.530612244897959107
0.617021276595744683
0.387755102040816313
0.140000000000000013
0.367346938775510168
0.199999999999999956
0.560000000000000053
0.420000000000000040
0.291666666666666630
0.180000000000000049
0.040816326530612290
0.160000000000000031
0.446808510638297851
0.400000000000000022
0.140000000000000013
0.319999999999999951
0.439999999999999947
0.699999999999999956
0.260000000000000009
0.060000000000000053
0.540000000000000036
0.219999999999999973
0.400000000000000022
0.180000000000000049
0.180000000000000049
0.326530612244897989
0.140000000000000013
0.102040816326530615
0.079999999999999960
0.142857142857142905
0.239999999999999991
0.173913043478260865
0.400000000000000022
0.439999999999999947
0.204081632653061229
0.187500000000000000
0.142857142857142905
0.520000000000000018
0.565217391304347894
0.439999999999999947
0.163265306122448939
0.219999999999999973
0.300000000000000044
0.219999999999999973
0.456521739130434812
0.333333333333333370
0.520000000000000018
0.540000000000000036
0.408163265306122458
0.416666666666666630
0.479999999999999982
0.326530612244897989
0.140000000000000013
0.239999999999999991
0.300000000000000044
0.346938775510204134
0.099999999999999978
0.180000000000000049
0.102040816326530615
0.119999999999999996
0.119999999999999996
0.140000000000000013
0.229166666666666630
0.297872340425531901
0.380000000000000004
0.319999999999999951
0.219999999999999973
0.079999999999999960
0.079999999999999960
0.180000000000000049
0.280000000000000027
0.180000000000000049
0.319999999999999951
0.276595744680851019
0.081632653061224469
0.021276595744680882
0.553191489361702149
0.300000000000000044
0.265306122448979553
0.183673469387755084
0.574468085106383031
0.319999999999999951
0.099999999999999978
0.520000000000000018
0.280000000000000027
0.142857142857142905
0.122448979591836760
0.217391304347826053
0.354166666666666630
0.180000000000000049
0.239999999999999991
0.599999999999999978
0.367346938775510168
0.612244897959183687
0.420000000000000040
0.319999999999999951
0.119999999999999996
0.160000000000000031
0.160000000000000031
0.219999999999999973
0.180000000000000049
0.265306122448979553
0.260000000000000009
0.319999999999999951
0.420000000000000040
0.219999999999999973
0.400000000000000022
0.219999999999999973
0.339999999999999969
0.439999999999999947
0.180000000000000049
0.020833333333333370
0.306122448979591844
0.280000000000000027
0.180000000000000049
0.479999999999999982
0.560000000000000053
0.339999999999999969
0.270833333333333370
0.199999999999999956
0.583333333333333259
0.359999999999999987
0.060000000000000053
0.119999999999999996
0.416666666666666630
0.489361702127659615
0.312500000000000000
0.081632653061224469
0.219999999999999973
0.428571428571428603
0.428571428571428603
0.119999999999999996
0.297872340425531901
0.229166666666666630
0.280000000000000027
0.682926829268292623
0.280000000000000027
0.551020408163265252
0.170212765957446832
0.183673469387755084
0.224489795918367374
0.361702127659574435
0.104166666666666630
0.439999999999999947
0.520000000000000018
0.159090909090909061
0.300000000000000044
0.653061224489795977
0.617021276595744683
0.723404255319148870
0.790697674418604612
0.083333333333333370
0.160000000000000031
0.583333333333333259
0.489795918367346927
0.219999999999999973
0.256410256410256387
0.375000000000000000
0.340425531914893664
0.540000000000000036
0.081632653061224469
0.224489795918367374
0.521739130434782594
0.408163265306122458
0.346938775510204134
0.239999999999999991
0.359999999999999987
0.408163265306122458
0.456521739130434812
0.446808510638297851
0.612244897959183687
0.581395348837209225
0.219999999999999973
0.640000000000000013
0.106382978723404298
0.372093023255813948
0.420000000000000040
0.428571428571428603
0.428571428571428603
0.300000000000000044
0.489361702127659615
0.479999999999999982
0.560000000000000053
0.108695652173913082
0.367346938775510168
0.191489361702127714
0.229166666666666630
0.400000000000000022
0.400000000000000022
0.434782608695652217
0.384615384615384581
0.382978723404255317
0.380000000000000004
0.160000000000000031
0.553191489361702149
0.375000000000000000
0.693877551020408156
0.459999999999999964
0.489795918367346927
0.699999999999999956
0.551020408163265252
0.079999999999999960
0.355555555555555514
0.300000000000000044
0.612244897959183687
0.477272727272727293
0.204081632653061229
0.155555555555555558
0.428571428571428603
0.339999999999999969
0.079999999999999960
0.085106382978723416
0.369565217391304324
0.687500000000000000
0.719999999999999973
0.224489795918367374
0.568181818181818121
0.739999999999999991
0.300000000000000044
0.367346938775510168
0.653061224489795977
0.270833333333333370
0.459999999999999964
0.791666666666666630
0.380000000000000004
0.361702127659574435
0.180000000000000049
0.420000000000000040
0.787234042553191515
0.580000000000000071
0.280000000000000027
0.191489361702127714
0.339999999999999969
0.439999999999999947
0.775510204081632626
0.222222222222222210
0.714285714285714302
0.487804878048780477
0.347826086956521729
0.489795918367346927
0.479999999999999982
0.479999999999999982
0.439999999999999947
0.408163265306122458
0.459459459459459429
0.224489795918367374
0.340909090909090939
0.400000000000000022
0.599999999999999978
0.489361702127659615
0.458333333333333370
0.679999999999999938
0.326530612244897989
0.208333333333333370
0.500000000000000000
0.319999999999999951
0.319999999999999951
0.160000000000000031
0.645833333333333259
0.619999999999999996
0.265306122448979553
0.428571428571428603
0.530612244897959107
0.199999999999999956
0.408163265306122458
0.469387755102040782
0.479999999999999982
0.312500000000000000
0.160000000000000031
0.540000000000000036
0.239999999999999991
0.538461538461538436
0.122448979591836760
0.500000000000000000
0.459999999999999964
0.166666666666666630
0.673469387755102122
0.604166666666666741
0.413043478260869512
0.387755102040816313
0.339999999999999969
0.420000000000000040
0.145833333333333370
0.133333333333333304
0.510638297872340496
0.560000000000000053
0.354166666666666630
0.280000000000000027
0.255319148936170248
0.099999999999999978
0.219999999999999973
0.520000000000000018
0.408163265306122458
0.645833333333333259
0.458333333333333370
0.142857142857142905
0.300000000000000044
0.315789473684210509
0.418604651162790664
0.160000000000000031
0.081632653061224469
0.291666666666666630
0.612244897959183687
0.265306122448979553
0.140000000000000013
0.380000000000000004
0.239999999999999991
0.437500000000000000
0.187500000000000000
0.229166666666666630
0.255319148936170248
0.162162162162162171
0.291666666666666630
0.520000000000000018
0.339999999999999969
0.244897959183673519
0.416666666666666630
0.533333333333333326
0.260000000000000009
0.586956521739130377
0.808510638297872397
0.375000000000000000
0.469387755102040782
0.380000000000000004
0.612244897959183687
0.511111111111111072
0.339999999999999969
0.300000000000000044
0.448979591836734748
0.163265306122448939
0.306122448979591844
0.580000000000000071
0.354166666666666630
0.500000000000000000
0.538461538461538436
0.851063829787234050
0.500000000000000000
0.212765957446808485
0.326530612244897989
0.160000000000000031
0.312500000000000000
0.339999999999999969
0.020000000000000018
0.367346938775510168
0.319999999999999951
0.300000000000000044
0.351351351351351315
0.181818181818181768
0.339999999999999969
0.260000000000000009
0.319999999999999951
0.255319148936170248
0.219999999999999973
0.711111111111111138
0.591836734693877542
0.816326530612244916
0.219999999999999973
0.702127659574468099
0.760869565217391353
0.500000000000000000
0.062500000000000000
0.551020408163265252
0.312500000000000000
0.079999999999999960
0.355555555555555514
0.306122448979591844
0.469387755102040782
0.520000000000000018
0.770833333333333370
0.244897959183673519
0.416666666666666630
0.469387755102040782
0.260000000000000009
0.839999999999999969
0.693877551020408156
0.099999999999999978
0.408163265306122458
0.163265306122448939
0.612244897959183687
0.486486486486486513
0.060000000000000053
0.140000000000000013
0.428571428571428603
0.476190476190476164
0.222222222222222210
0.580000000000000071
0.520000000000000018
0.431818181818181768
0.459999999999999964
0.191489361702127714
0.551020408163265252
0.565217391304347894
0.530612244897959107
0.319999999999999951
0.255319148936170248
0.474999999999999978
0.099999999999999978
0.400000000000000022
0.439999999999999947
0.857142857142857206
0.479999999999999982
0.346938775510204134
0.359999999999999987
0.133333333333333304
0.142857142857142905
0.195652173913043459
0.244897959183673519
0.119999999999999996
0.640000000000000013
0.319999999999999951
0.551020408163265252
0.755102040816326481
0.400000000000000022
0.560000000000000053
0.183673469387755084
0.347826086956521729
0.760000000000000009
0.306122448979591844
0.408163265306122458
0.260000000000000009
0.045454545454545414
0.408163265306122458
0.229166666666666630
0.119999999999999996
0.800000000000000044
0.359999999999999987
0.560000000000000053
0.465116279069767491
0.439999999999999947
0.160000000000000031
0.380000000000000004
0.395348837209302362
0.530612244897959107
0.387755102040816313
0.270833333333333370
0.604166666666666741
0.081632653061224469
0.555555555555555580
0.380000000000000004
0.199999999999999956
0.500000000000000000
0.420000000000000040
0.339999999999999969
0.441860465116279078
0.520000000000000018
0.580000000000000071
0.428571428571428603
0.395833333333333370
0.142857142857142905
0.300000000000000044
0.377777777777777768
0.160000000000000031
0.420000000000000040
0.487804878048780477
0.270833333333333370
0.359999999999999987
0.280000000000000027
0.177777777777777812
0.347826086956521729
0.260869565217391353
0.562500000000000000
0.265306122448979553
0.119999999999999996
0.625000000000000000
0.640000000000000013
0.428571428571428603
0.632653061224489832
0.180000000000000049
0.613636363636363646
0.306122448979591844
0.375000000000000000
0.219999999999999973
0.368421052631578982
0.199999999999999956
0.127659574468085069
0.520000000000000018
0.282608695652173947
0.591836734693877542
0.357142857142857095
0.653061224489795977
0.469387755102040782
0.099999999999999978
0.400000000000000022
0.659999999999999920
0.375000000000000000
0.565217391304347894
0.306122448979591844
0.319148936170212782
0.339999999999999969
0.521739130434782594
0.060000000000000053
0.288888888888888862
0.204081632653061229
0.489795918367346927
0.339999999999999969
0.359999999999999987
0.380000000000000004
0.551020408163265252
0.260000000000000009
0.645833333333333259
0.540000000000000036
0.219999999999999973
0.488372093023255793
0.224489795918367374
0.295454545454545414
0.312500000000000000
0.239999999999999991
0.500000000000000000
0.387755102040816313
0.439999999999999947
0.387755102040816313
0.469387755102040782
0.326086956521739135
0.439999999999999947
0.063829787234042534
0.319999999999999951
0.166666666666666630
0.833333333333333370
0.130434782608695676
0.787234042553191515
0.280000000000000027
0.285714285714285698
0.599999999999999978
0.369565217391304324
0.304347826086956541
0.422222222222222276
0.300000000000000044
0.591836734693877542
0.380000000000000004
0.448979591836734748
0.428571428571428603
0.339999999999999969
0.439999999999999947
0.375000000000000000
0.658536585365853577
0.065217391304347783
0.160000000000000031
0.183673469387755084
0.142857142857142905
0.510638297872340496
0.160000000000000031
0.437500000000000000
0.340909090909090939
0.479166666666666630
0.619999999999999996
0.520000000000000018
0.459999999999999964
0.187500000000000000
0.780000000000000027
0.234042553191489366
0.459999999999999964
0.408163265306122458
0.465116279069767491
0.760000000000000009
0.404255319148936199
0.204081632653061229
0.187500000000000000
0.127659574468085069
0.604166666666666741
0.599999999999999978
0.280000000000000027
0.479999999999999982
0.511111111111111072
0.479999999999999982
0.145833333333333370
0.659999999999999920
0.339999999999999969
0.119999999999999996
0.260869565217391353
0.586956521739130377
0.580000000000000071
0.839999999999999969
0.723404255319148870
0.804878048780487854
0.459999999999999964
0.219999999999999973
0.719999999999999973
0.555555555555555580
0.319999999999999951
0.448979591836734748
0.456521739130434812
0.380000000000000004
0.229166666666666630
0.687500000000000000
0.319999999999999951
0.239130434782608647
0.560000000000000053
0.270833333333333370
0.219999999999999973
0.204081632653061229
0.437500000000000000
0.439999999999999947
0.420000000000000040
0.325581395348837233
0.439999999999999947
0.673469387755102122
0.428571428571428603
0.357142857142857095
0.163265306122448939
0.500000000000000000
0.326530612244897989
0.265306122448979553
0.428571428571428603
0.551020408163265252
0.551020408163265252
0.170212765957446832
0.180000000000000049
0.367346938775510168
0.142857142857142905
0.083333333333333370
0.387755102040816313
0.739999999999999991
0.358974358974358920
0.446808510638297851
0.521739130434782594
0.326530612244897989
0.239999999999999991
0.300000000000000044
0.555555555555555580
0.303030303030302983
0.820000000000000062
0.102040816326530615
0.591836734693877542
0.255319148936170248
0.408163265306122458
0.079999999999999960
0.448979591836734748
0.599999999999999978
0.500000000000000000
0.541666666666666741
0.319999999999999951
0.239999999999999991
0.229166666666666630
0.659574468085106336
0.839999999999999969
0.060000000000000053
0.326086956521739135
0.375000000000000000
0.300000000000000044
0.400000000000000022
0.560000000000000053
0.795918367346938771
0.697674418604651181
0.368421052631578982
0.679999999999999938
0.530612244897959107
0.632653061224489832
0.339999999999999969
0.239999999999999991
0.238095238095238138
0.186046511627906974
0.081632653061224469
0.486486486486486513
0.260000000000000009
0.255319148936170248
0.244897959183673519
0.530612244897959107
0.160000000000000031
0.583333333333333259
0.408163265306122458
0.420000000000000040
0.361702127659574435
0.145833333333333370
0.500000000000000000
0.479999999999999982
0.500000000000000000
0.291666666666666630
0.268292682926829285
0.187500000000000000
0.319148936170212782
0.400000000000000022
0.190476190476190466
0.065217391304347783
0.195652173913043459
0.463414634146341431
0.280000000000000027
0.212765957446808485
0.365853658536585358
0.306122448979591844
0.239130434782608647
0.074999999999999956
0.081632653061224469
0.659574468085106336
0.093023255813953543
0.343750000000000000
0.275000000000000022
0.209302325581395388
0.227272727272727293
0.265306122448979553
0.292682926829268331
0.148936170212765950
0.136363636363636354
0.170731707317073211
0.250000000000000000
0.183673469387755084
0.599999999999999978
0.750000000000000000
0.468085106382978733
0.260000000000000009
0.304347826086956541
0.339999999999999969
0.439999999999999947
0.500000000000000000
0.644444444444444375
0.608695652173913082
0.611111111111111160
0.277777777777777790
0.466666666666666674
0.291666666666666630
0.093023255813953543
0.465116279069767491
0.500000000000000000
0.387755102040816313
0.500000000000000000
0.238095238095238138
0.297872340425531901
0.339999999999999969
0.387755102040816313
0.260000000000000009
0.054054054054054057
0.000000000000000000
0.000000000000000000
0.727272727272727293
0.204081632653061229
0.045454545454545414
0.191489361702127714
0.040816326530612290
0.142857142857142905
0.079999999999999960
0.234042553191489366
0.000000000000000000
0.255319148936170248
0.395833333333333370
0.522727272727272707
0.688888888888888884
