3.792220317684383168
1.315769424278779631
1.663400657653381520
1.496581596915281143
1.624177711055321272
1.773960069595199585
1.791645452229908120
1.118716062587989057
1.238083056889020650
1.252177821797496371
1.246408774461472913
1.273894625201040576
1.437884351876439259
1.171366963522987081
1.072606475106955504
0.949715230977542735
1.174009644268934061
1.347786514722884688
1.591081964511184443
0.954461175667856265
0.519596596496185725
1.276562035195549782
1.117713418482972898
1.594307576442361984
0.883981935460393276
1.654435774562648565
1.570401049121623815
1.563768785414481943
1.528791342136666120
2.071739401316045281
0.967020960356738568
0.746887609306790989
1.140769769933163813
1.794082426030314092
2.111315004175175147
1.145342890122887258
1.262424988179964291
0.965605241458000862
0.811008639487780680
0.971156799335388232
0.680700332000723884
0.695934439298127150
0.500639434640163472
1.755944232590552989
1.073126811173243045
1.426682617147658760
0.761060223913401668
1.207145278189401871
1.461645573357484018
0.937321145816103929
1.194084278731577964
2.566722516324790870
1.026264016216277497
0.677589119216602032
0.686056452745226419
1.091088195029485064
0.441414058787384045
0.539165992755055612
1.030888355364379949
1.385454971389750156
0.701175750165215050
1.030498670294999863
0.923366931928119805
1.046975269535126873
1.182866987135091419
1.500627064412530798
0.824670472855457026
0.574232107477209097
0.619871206262846419
1.615194544714436686
1.045866264130602241
1.238464086801204456
0.956744876170430358
0.948191964600997417
0.843523617109111834
1.041504091419416245
1.251672516043807803
1.042712737139264600
1.522322053086106575
1.393853301121650734
1.175722113276951530
0.815121089607587002
1.373553600417709353
1.332541345677524580
0.933426894673628826
0.904471512906893427
0.896695966982935522
1.999781107641839473
0.965700321534160411
1.489950242960104809
0.913946238910423148
1.238244318505320907
1.174697454807648977
1.252158792993248726
1.342293043199441094
0.947289943736962403
1.354212652972438757
0.749467452325278227
0.645807950377331963
1.283341614227822891
1.315194520962392755
1.295829872747217282
1.301460409822934761
1.805852367027872329
1.746902611436331965
1.250690341864981736
1.942578874829014035
0.881929924335445259
1.081189172443338897
1.128253435319321429
1.287526322561366010
1.661381288640063403
2.198615558476381793
1.121136841033905096
1.660100887159099869
1.402327933318843201
1.886925988526929610
1.516246138781908837
2.063760251372554144
1.300092838839334686
1.096726052769225301
2.287612513752250720
2.579219800994030809
1.817696269285748123
2.190127176924173913
1.755410776688429264
1.682466004148122529
0.633347433718690733
0.643116823922345482
0.750281770873415965
1.215840020885543549
0.540739067497705284
0.775031142757242941
0.821445266894476722
0.994814756720934001
0.671227678512060999
0.665717093305210672
0.923249092843326902
0.729846150250987646
0.632162930073681961
0.551645303547796173
0.335133019174559843
0.591893713615797790
0.379648514769693635
1.112005869783264655
1.192952476484747004
1.022754151106396225
1.236824010147069774
1.530553941979190036
1.737012954781131935
1.867507412391090860
1.351917359216515457
0.965328136017950644
1.014011898772160913
0.985534863855702881
1.044889013641062236
0.910479427196748570
0.934453741599696630
0.854585559315420906
0.952340770087538147
2.358035064490956234
1.188115165837978715
0.940715420557072912
1.453203471658466306
1.109208963995039543
1.069558957142144884
0.875449110108374562
0.982074890273245571
1.198327750067526232
1.638527366584754841
1.730151944425512678
1.695020755899893317
1.149491164825189760
1.388818493302257373
1.173461475523971620
1.102609955400783104
1.382351277389907374
1.868159433853529006
1.337237232775490892
0.925136168418722926
0.993873047763334627
1.684285446874722147
0.959753979494491150
1.816452324115461092
1.091973888446752028
1.013207832550099052
1.353997223748618861
0.863935331054694666
0.898893421743087617
1.139608092268787232
1.064563559869834197
1.101549639789441759
1.126996296013125454
0.951973093558288741
0.894293502254648209
1.164102714091507895
0.837796929433614723
1.418547342886988805
1.032988509940589772
1.338185371532988999
0.788864472291577634
0.975666846009022648
1.386747433676909669
1.204425747776378675
1.031501009501982979
0.982143432295453978
1.498637388117131097
0.851700373290371848
1.022482169171858413
1.377699220579879036
1.006448707862282799
1.134656981000218057
1.157371367598531098
1.058048414932041936
1.142928439057194989
0.838100525736958257
1.212094219457553246
1.109976796407553978
0.938576468936814012
0.888092568966742490
1.440038543891542844
1.939013573030749393
1.305862444945421696
1.688113666592331974
1.383857429930448468
1.142598166624768652
1.402288672987746843
1.015578487365282001
2.184482872935996856
1.641862287055769976
1.358239384591924948
1.011606829137235763
0.803918719340489751
1.856855412227782720
0.967457219685304404
1.126277373936116710
0.986008549814915147
1.221316016307366858
1.108261635343331220
1.140385095175384667
0.897626959900762245
0.848831987813293165
1.003657647486479565
1.039166546180265494
1.284154968560590415
1.165157516957436190
1.445985791943112053
1.043636854919903101
1.278961540897026516
1.578838139568137011
1.469372114015875308
1.255407520586153236
1.145727055513823034
1.047959114137374748
1.416784922489614296
2.547125901641953849
1.478049371873356943
1.522426815531454647
1.660760269319610849
1.333593255688081403
1.315878233612042703
1.305861475092735535
0.725612178510495198
1.268768326795123969
1.334559907618623420
1.477234847575658705
1.453990712608275615
1.754490466878689592
1.967895596430948579
1.694517400559324427
1.747664406831749950
1.713404339358973516
1.746930396125480733
1.451480743350453739
1.878603131441005658
1.848118750237378816
1.694560278940742570
1.491569264388380001
1.512181690351274810
1.909314394589836539
1.913119558450811164
0.714416732299605339
1.036124034395728088
0.802766123683316235
1.188805301038757589
0.973446264916307924
1.893594979643175691
1.858308692775581861
1.508322361262423472
1.663904238754365661
1.318722373188083274
1.411988901179780154
0.740532536222351379
1.387388898455750308
1.353427139983505167
1.812252823274004943
1.331014761323276563
1.893387769164515788
1.965923152521078077
1.685727759756820321
0.432846567944575988
1.234571478776127940
0.544849364741956554
1.271162388816676758
1.261739841101194637
1.115695903209252382
0.984544869742639217
0.829049444392823132
1.323318138678867273
1.321907430549668749
1.504961782855752439
0.830568056298157331
0.866165040514449425
1.397802870058405755
1.360692915734606157
0.999566635813304294
0.885932911993379646
1.009120515565020249
1.087439589557496422
0.725505933300596983
0.757594731844611902
0.824852546253915575
0.651171468924871988
1.098869247777207070
1.234910282349419575
1.222632476656286826
0.841328417401646100
1.203142553972654571
1.394858144172074432
1.723825116240150113
1.048911790701449576
1.163881624491430067
1.970825179257379212
1.831488404226137234
1.955592709910879190
1.527310941660183108
1.804781947932708519
1.645443641531867396
2.366273799375485432
1.342376358608430742
0.854986373090355967
2.048261264015676986
1.737802120924303306
1.891234125903860530
1.558249685496071013
2.678931754855554015
2.279111821330554122
1.839872815127128192
1.806835564313280074
2.022056837104383664
1.869267980377546046
1.757428595185896558
1.250177863250619081
1.229058460044081480
2.096690208617959073
2.189716667358248881
2.003323459260741402
1.789701174230702740
2.106436531876443752
2.229484487167559870
1.629844760645133395
2.164179322025418628
1.827301446522318518
1.982610699363362761
2.113350693541827585
1.747128137082270882
1.521438074034725307
1.585950681660355688
1.451829343365744318
1.685842149783823851
1.067492984154194691
1.426017957418009630
1.293607122692686850
1.227044403707274967
1.204771891239129200
1.663340953204322847
1.556341620722611507
1.906703142569701193
1.514734948959021388
1.623127876033036543
1.611753327066227204
1.514249642919687000
1.427004210530810502
2.081583904690271769
2.221947358863141542
1.622342576049532692
1.176222096974243403
1.234159497384509363
1.214666683977343009
3.485838698422379700
1.685999210828106332
3.931312613239902554
1.173952790957695891
1.222102392415199690
3.270279518580615274
1.974319629770515672
1.257338246246006985
1.054476097434524418
2.003932561113050959
3.222423247533094504
3.894920556755094410
3.748052774580732383
1.502557161872796421
1.467325035690584922
0.741017861947114831
1.733529800423637468
2.929858181651238347
3.049958023012566244
2.862553561261091062
1.828148776394583841
2.828285452264986510
2.630979379773704885
2.419021749407536337
2.632789756590386165
1.982724377176789954
3.017390728940806177
3.192288094318291414
2.070123770746769232
1.629403000961249459
2.526554044803051013
3.766300770051017821
2.156305964725817148
3.927642438834712202
2.464955933433470747
3.591188267381100196
1.429968045425344503
1.638317658606831095
1.975217823194968192
3.155941996317142451
2.156989116393495998
3.967623399166455567
3.315942911781987856
3.925919189848106949
4.333800627337190292
2.793146481728638886
3.414931253113566711
1.853747034136421501
1.746033229987193458
2.322570273383640860
3.273541537297756765
1.740939649928971988
2.338359056322079077
2.414673857280717151
2.246478059942551564
4.247884316152379824
4.198196116343664741
1.972431748616009894
2.676469592000091158
1.885879868481288746
1.766986694415998871
3.452612263795773906
1.904810865993649127
3.525887260914045918
2.845442613248748032
3.522586785539343346
1.557642157413067441
3.366343557033014022
4.400766536149253838
1.023087533149474426
3.414396392419313031
1.112705391901076979
2.464073351890629038
1.909137358877350810
2.311892955060899979
2.153127061588124391
2.412985815958587743
1.910078490883380553
3.357522360934408923
2.767716474545624639
2.373084698696093398
2.502781543955411081
2.652303001060403620
2.963659503491565150
2.381774346179374113
2.688856964801042970
2.798653181389897160
3.264770059841632488
2.634980289999826919
1.527451967996351634
1.753010722887394790
2.661747330293779967
1.872985406220704974
1.978388283825268434
1.678572570061666491
1.055179563769398365
2.056405204430792999
3.528506238085498126
1.842796438853806285
1.594529092023791783
1.558796752165868327
3.033353933456408136
3.260264659415428756
2.358685332381638133
2.016776333625608153
1.990394886355746351
3.259624734226457932
2.353616827061679295
2.140652689101139927
2.377633804312420551
2.560695338410490685
1.132184209475084469
3.357018712877241740
2.107899511532337566
2.599918350046126925
2.271502059497978898
2.420750127906548865
1.722005105648394263
1.934079145337609162
1.456416606990043938
3.113412972042967297
1.239584237184419901
1.852164300554481446
2.324928342627802458
3.259508091069211577
2.072216660490687090
4.774792370123821073
2.824238832010967037
2.041486826202095539
2.295185230957957678
2.007696568358381395
2.975864869526496648
2.604908924651663682
3.185663056826563810
4.114107412811668141
2.526943619563130738
1.112758984631958770
4.331767273113191763
3.749818653247521727
1.940121675212265862
3.550562136199509666
1.570391300002421442
1.455841382391277472
3.230768610825257348
1.484819999835261140
3.104956198978350734
1.840428291439642816
1.429474658161782319
2.675140158260055578
1.614145048334288735
1.765156454079347403
1.376944708293785347
2.692380092641172062
3.058665464343426343
3.034416965016939027
2.477522915316479946
1.765356467088531778
1.950754387069112195
1.462731555256413074
3.923658337264737561
1.993266307299450979
2.497496456771376661
2.350433999754192982
3.997829167102930903
2.737942333776794079
1.426825997043100980
2.983149540854064696
2.068678674031858122
1.736390830917320161
3.741119790399072720
1.778422762408925273
3.098861331093234028
3.206085773417926887
2.310671102795132104
1.615158270049914746
3.560400769393115006
1.672500230635332930
3.275968871636629309
2.377727017234112949
4.032495816350296636
2.921077087333772582
3.335318742025023653
2.395937841571120774
2.100003675942154757
3.775431324766545416
1.625638884875318491
3.736431664506647987
2.742983687768056456
2.400877598996080664
3.230052458983458052
3.458653350139323734
2.253236144783563599
1.922685029335894580
3.197344816945275170
2.550028873715746602
2.041411635405685487
3.875883022297674785
3.125016713552576597
2.472955220302561319
2.346514209931507722
2.928147038698269533
1.772392704828175791
2.054018746492381808
1.887540155552443588
2.728118232979052760
3.480415642111776009
2.210073672193740180
2.426745304179919405
2.224025145102133560
3.812704940203249571
1.746096713316851234
1.911022198583574472
2.903322595139319340
3.203584497848058543
4.312100761524705561
2.025034751045153847
1.884626504713257766
2.464572702133882132
1.252986161210039029
2.106597252424308842
2.560657740254882242
2.418710199109602499
2.259494278777481213
4.966249698285453817
2.340714142827658772
3.719738052447974397
2.425212795663919785
1.664402610120584880
4.195573290573131331
2.452644260638742857
2.075665475706706342
3.248231474422461851
3.134520589337013163
1.302385776270648332
2.088319723688283780
3.562420468168670418
1.488759868584820900
1.976243738357742252
2.949595012170500574
1.079500274551153494
2.504776648931450911
1.878081854488269142
2.471430014784695928
2.155066604181416157
2.254030927215722180
2.669164636677489710
1.626119119200534424
1.924508883250615865
1.878716680193996957
4.201848253070075145
4.148129347352618623
0.867677357498479740
3.206805041553400848
3.531266393324127506
3.177885765823690534
1.561678973143808991
2.938833692623205707
1.543675170297983623
2.282518080475777644
3.275382951647202390
0.867172812566814111
2.522704757877985760
3.756474744392342302
3.859063912957007680
2.117937221908098966
3.018658331137961781
4.921467138334268299
2.391910488720260908
2.317354489882548663
1.963360681035571709
2.084583918521357493
2.693656746390397316
2.801693968076527597
1.955392803961373716
2.092489542086678256
3.129164369439594306
3.260025036509730967
2.288864588019130508
4.029513992828821500
2.061021361240953809
2.798269959245331950
3.015273684531694975
4.053763364376735012
1.980041178855443729
2.251201489076434470
1.917331882855958458
2.901178087474370670
1.846364416302502809
1.487684244695545388
3.881074305869856911
1.357846633484476317
2.551235783843422311
2.702420361815922156
1.870462463953727283
3.818709654741449633
2.069243463073833666
2.045244538817411417
2.278897702223093624
2.067770093106991336
1.793666235578460277
2.913037147070967947
4.355721526090126083
3.303339717351770233
2.054702115952915520
3.318395858167021650
1.674047104234492878
1.579408057778487473
2.333061288317369364
4.020759675141908573
2.037498830966108176
2.670772917436105232
2.608053300425129173
1.877750518938527957
3.122973904050811100
1.997906583108282064
2.319960611932102790
2.049858887300662680
3.697727680689514962
2.390550446836096299
2.285238634899779964
2.345661431328733837
2.114182555584004142
2.460350018430063734
1.824487236937990753
2.470329904349922501
1.747539820642859842
1.954115603423178138
1.838939440028470429
2.404168518365741303
1.250881467150441129
2.173973678107468110
2.228440190425984291
1.922861627597336920
3.521873160747110987
1.931927013333003984
1.346488920142012713
2.400698073533768628
2.196466945479242483
1.967998867641705063
2.106156687217147994
2.298875029692191596
2.669772294635002652
3.439244681815952553
1.507970934312142131
2.231275771978031841
2.822691722495983768
2.746489880161208319
3.184440224100034023
1.743017823804161592
2.353715386948570298
3.555504778677340383
2.846980493228900677
1.692192991330136564
2.538668138192732293
2.280329967140953151
2.303497477107502522
2.284536383760094935
2.756199597325533990
3.770420050399894141
1.925281560852366347
2.137587273164083257
2.907854968701991005
2.009443685196920626
3.783301946912534852
1.897693812200226926
2.147063306682112316
1.286578526494079000
2.571417192756751291
2.991247185811005238
2.541974772411862205
0.717747136835825694
3.228939274624408551
1.797475972486156870
3.748122469848817584
1.882934416016696089
2.669080192843142463
1.928090533143511642
2.325381815310933575
2.013165041807555511
3.719834884613787196
1.604942229811631815
0.799670062393645242
2.225973368695356669
1.965404047144589939
2.234591862263873630
1.972950314059370935
3.792190066470209064
3.789214680309492600
2.214254590874763728
2.406043075342113813
2.697629727470377325
0.666639399999023885
2.280672716868706651
2.592158093812911623
1.727941967206706675
2.244631763819949999
4.457764235182777313
2.541429410536106381
2.515204320519691006
3.397900546784843101
2.690990472840375958
2.249511524027907772
2.546956167252594661
2.542721366935754901
3.932071257749826909
2.373494921786310830
3.127119430772105524
3.514354419843180644
2.972246524389522193
1.550511010879241258
3.176322189060056367
2.706017971933297517
3.512335048992468067
3.170558377092607572
2.824204500253896022
2.563354695702643404
3.140474966513108868
1.667658311302945062
1.996724219484414142
4.551447230617998940
2.160866128769880046
1.380027710626127835
2.152453566431367094
1.990236268841228728
3.038498627777947103
1.386262522249967155
1.177091227426046327
2.080711009713998472
1.833794974151737645
1.913641861870579941
3.353867344303151476
2.091984958698173802
1.116834118699911560
3.860803527292828274
2.860881338341599189
2.463223755280409044
0.806344711015843374
1.434366104336369130
2.732745040131873360
2.390480973880963589
3.188151433613199082
3.384036321275949888
3.084647785049202451
1.806077030591008992
1.853631162731001147
4.268765177992953852
1.891068013417595672
4.105120635662579787
4.481756879004230143
2.820536660228441850
1.249532793311798784
2.221236023942143589
3.047586293360676102
3.617268411192805289
3.862152700603911359
1.887750982178175496
2.384190474172498853
2.312998873543753664
2.471941712632205412
2.107658271514832649
2.142232423873130287
2.242656570415199724
3.116879415774046702
1.865866609745427729
2.066473182996313440
1.732419574895845971
1.884341320647664020
2.806188845366412554
2.685099581659403434
1.491144545379101238
2.776199606577939072
3.149505361215513499
2.546898607549227478
3.571036003958937943
2.280038193648591616
2.714001346148067206
3.585721085404026454
2.576680285233454715
2.234284423517269857
2.429218321288082905
3.759049517092648784
4.543906453591777250
0.944457950244119049
2.085512459486686510
2.077555262907488487
2.938581817492225579
3.828559442909191368
3.649960004414470660
2.504261021292971012
1.339114459222372266
3.152837346377871164
4.706660672126194989
2.476649636351573314
2.982408620484474859
2.171982724863207537
1.369389810303626387
1.985024188109044019
2.688985896978558721
2.955103325424064842
0.851505557548778880
3.271777715109769780
4.023905297610868459
2.506383432904488728
1.804326661372168017
2.102635601335405724
2.936771227429974651
0.979371273415959975
3.005608802971758919
2.631449732805815955
2.070216306789446126
2.703361147950197108
1.482293645883699051
2.073633177720997534
2.136050974705300476
3.937325589769357315
1.680573247305116702
2.828354357345670866
2.744247649505143549
2.139044796678258198
0.612838825607928794
2.709274312093202575
2.635643340105962462
1.887512362550980427
1.093066546391947780
1.269956392679151058
1.014686363352083287
2.536355131531788487
2.521696123971896242
3.534840798123197736
2.094062050746073211
1.930795805620820982
2.315649130224133767
2.795244729151565188
1.854761922817982800
2.848319219755617304
2.503181907036141851
1.884858997685797455
2.010208020659159267
2.586845631471538454
2.621399124985092755
4.445514974511805661
1.782565654602334515
2.312843037360295284
2.262709300280497438
2.152068100124038708
2.385491126257532457
1.947988925215001110
1.564279164550745227
1.959736812741529999
1.894200212605595457
2.056641888524616490
2.219202565039778641
2.235831786451645264
2.276396690708125004
2.293197991843132222
1.346958371847075897
1.757476608171105736
1.151631485286611412
1.144285451000855325
1.689870809493939863
1.344257287389571953
1.938552576921936943
2.008581304490686392
2.059178362977919008
1.564336390005484745
1.886312756469010754
2.219888443908182296
1.817885384408266969
1.852434283502605306
0.946528322776097220
1.405010075287238536
2.308213315517592790
2.049966484455838955
1.826731760415926775
1.809570479218539418
1.917905305287094908
2.371734020116235797
2.331142934675050959
2.586219080162140305
2.483295675121045765
2.737505341211757592
0.901102346600598958
2.957678239348171978
0.811100965166925647
1.281980736547129851
0.715971722056463977
1.266703692008614768
0.576531055018603356
1.205724541178448739
1.103041369758542611
0.539749335819345477
0.638408455916478323
3.604340457023948119
5.020712799205545807
2.219287437483088432
0.846009752163297879
0.457782560901009550
0.959958696543826262
1.809025068312004381
1.989845139529037077
1.858946188623668894
1.881504503112044979
1.239644026943334643
0.866060063787774226
1.557099998613365344
1.448589545809268575
1.576108998696628571
1.633997539317299852
1.250520359381583901
1.771654399606047425
2.540460790240910427
