0.287378764999999980
0.503593240000000053
0.427569800000000000
0.474513000000000018
0.355989149999999976
0.508689999999999976
0.394471799999999984
0.517324200000000012
0.508236200000000027
0.411084099999999952
0.238377999999999979
0.257870399999999944
0.257437800000000050
0.264670000000000016
0.164446400000000020
0.283881299999999948
0.296700000000000019
0.378782699999999972
0.319274400000000014
0.318427499999999974
0.182903200000000016
0.363285999999999942
0.367571199999999987
0.430718400000000057
0.555219200000000024
0.366493139999999995
0.442555919999999992
0.238440799999999981
0.471651750000000036
0.484914799999999979
0.401322999999999985
0.327104000000000006
0.493552500000000061
0.494809974999999902
0.390805799999999981
0.498512000000000011
0.456272899999999981
0.525974999999999859
0.510169939999999933
0.560778599999999905
0.395696300000000001
0.473214799999999991
0.390563999999999911
0.627652899999999958
0.457521999999999984
0.477385000000000059
0.417659200000000008
0.539866799999999980
0.526777199999999945
0.442595999999999989
0.468221299999999951
0.690884300000000007
0.395670054999999965
0.400474329999999989
0.571790800000000043
0.517295700000000025
0.592955999999999928
0.503493700000000044
0.318356799999999995
0.437169200000000091
0.489207700000000023
0.664241199999999976
0.606366200000000077
0.588883600000000063
0.507771360000000005
0.291915999999999953
0.612943100000000074
0.581671100000000107
0.632144999999999957
0.466700600000000021
0.852940799999999943
0.459747700000000037
0.408770000000000022
0.436538709999999996
0.332823000000000035
0.355965600000000049
0.592906600000000061
0.566728400000000021
0.178123299999999984
0.452340200000000081
0.326396000000000019
0.287949000000000066
0.366619199999999978
0.323497150000000011
0.669984000000000024
0.314162999999999970
0.325631074999999992
0.468402375000000037
0.536233900000000041
0.471624999999999961
0.466524900000000020
0.322617700000000007
0.281796000000000046
0.523121399999999959
0.265708800000000023
0.351223999999999981
0.431798499999999974
0.334696800000000017
0.291279000000000066
0.384974199999999989
0.418553999999999982
0.517863500000000032
0.324860900000000008
0.238375200000000009
0.416185399999999983
0.605230500000000005
0.368525199999999997
0.518337500000000007
0.699412999999999951
0.646722020000000009
0.378600600000000009
0.742132299999999967
0.503846999999999934
0.318995600000000046
0.296670299999999998
0.457091999999999943
0.402540000000000009
0.577723999999999793
0.536607999999999974
0.385874999999999968
0.269686500000000051
0.633147299999999968
0.551601800000000031
0.672810599999999925
0.499872000000000039
0.337591799999999997
0.480074400000000068
0.293673600000000035
0.384753799999999979
0.344967599999999930
0.588985800000000115
0.311271300000000029
0.319970599999999994
0.369564000000000004
0.459899999999999864
0.424682850000000001
0.367844100000000007
0.223002499999999992
0.311070300000000022
0.278311200000000036
0.305230599999999963
0.226677999999999991
0.298284249999999973
0.229446900000000009
0.385058999999999985
0.500465519999999997
0.397165200000000052
0.195419399999999965
0.221613909999999970
0.498805799999999910
0.386190075000000022
0.537121600000000088
0.706116000000000077
0.576483879999999949
0.624529740000000055
0.587520000000000042
0.587489679999999903
0.670004999999999851
0.566990000000000105
0.525890799999999992
0.492153200000000013
0.562788800000000089
0.579469599999999918
0.584029200000000026
0.594546400000000030
0.731112325000000007
0.664927889999999966
0.702028320000000039
0.606463179999999991
0.564690699999999990
0.534100000000000019
0.539241429999999911
0.501276599999999961
0.559706400000000048
0.585830280000000037
0.717308250000000092
0.503661899999999996
0.585279729999999887
0.569487599999999983
0.547856400000000021
0.616425499999999849
0.568201200000000073
0.579158100000000009
0.630866999999999956
0.556077904999999983
0.525307500000000038
0.487574900000000033
0.602711090000000005
0.674003200000000025
0.493568000000000007
0.662212320000000076
0.556116000000000055
0.537976299999999963
0.624872600000000000
0.650186640000000038
0.535628600000000010
0.527990999999999988
0.540501599999999915
0.680196524999999941
0.538707999999999965
0.626339800000000002
0.543400400000000006
0.504675999999999902
0.452557699999999952
0.649483199999999927
0.555271200000000076
0.660214929999999978
0.599756999999999985
0.562610399999999955
0.461578000000000044
0.574677600000000011
0.477564749999999982
0.554741900000000010
0.615867199999999948
0.562208600000000058
0.575571199999999950
0.575508479999999989
0.492560400000000065
0.488806000000000018
0.658033199999999985
0.614113789999999993
0.687107884999999974
0.569814999999999960
0.540596399999999977
0.580297805000000055
0.557100000000000040
0.616859400000000058
0.553691779999999967
0.655693239999999955
0.545090799999999986
0.573845399999999950
0.652675180000000021
0.557891445000000097
0.566438524999999915
0.606824249999999954
0.602364000000000011
0.544366219999999901
0.555809560000000147
0.491096099999999980
0.549895199999999917
0.528246200000000110
0.613840460000000032
0.571389480000000005
0.639671899999999960
0.667063169999999928
0.587487599999999999
0.640975075000000061
0.639841599999999899
0.594211999999999962
0.516944999999999988
0.621121999999999952
0.532101199999999941
0.699534274999999983
0.584904899999999950
0.533923799999999948
0.505369799999999980
0.584109379999999900
0.483561600000000036
0.489486599999999883
0.595200000000000062
0.689512000000000014
0.637650700000000015
0.626567314999999958
0.468338664999999987
0.560891399999999929
0.607485199999999947
0.512450099999999908
0.573906800000000050
0.678228720000000007
0.525402099999999983
0.467445999999999973
0.493724999999999969
0.358118749999999930
0.473830000000000029
0.429848800000000031
0.513039600000000040
0.356478000000000017
0.455934545000000080
0.493789050000000007
0.433362825000000007
0.446634399999999987
0.666620534999999959
0.631218000000000057
0.699856600000000051
0.651604199999999967
0.687848000000000015
0.614470749999999954
0.604732300000000000
0.616166400000000003
0.665026649999999941
0.725881004999999968
0.638869440000000011
0.647035899999999886
0.484462110000000057
0.467376000000000069
0.390628200000000037
0.418079999999999952
0.491385149999999993
0.368939999999999990
0.340838760000000018
0.527795399999999915
0.073271199999999995
0.534143999999999952
0.553362800000000044
0.188854300000000030
0.139175400000000005
0.457531799999999989
0.379263199999999967
0.391449199999999942
0.201742799999999972
0.194303799999999999
0.490740600000000082
0.574505400000000055
0.519044100000000119
0.421152999999999944
0.606005399999999916
0.397567799999999916
0.224085800000000002
0.483091999999999966
0.524427200000000093
0.405094000000000065
0.375466560000000005
0.353360000000000007
0.317203699999999977
0.275567859999999998
0.337837700000000019
0.238002700000000011
0.470372999999999930
0.608383999999999925
0.431352199999999963
0.373562799999999973
0.357893200000000022
0.577447600000000172
0.425999999999999934
0.493148345000000043
0.492272550000000031
0.230207999999999968
0.285926699999999978
0.480379200000000062
0.571648000000000045
0.557277600000000040
0.542365470000000016
0.424100800000000000
0.380412000000000028
0.414631199999999922
0.455985199999999924
0.314159999999999995
0.401494599999999924
0.538647099999999934
0.382233600000000007
0.372971499999999956
0.420998900000000065
0.421392999999999962
0.420470800000000033
0.516351200000000121
0.540000000000000036
0.321531000000000011
0.364770979999999967
0.489804830000000024
0.484517294999999959
0.404830999999999996
0.363965400000000050
0.470058499999999990
0.354212100000000030
0.500156800000000068
0.614313200000000004
0.585984000000000060
0.590241600000000033
0.557007200000000036
0.523463400000000023
0.602919999999999900
0.447104600000000019
0.491657099999999958
0.456807000000000019
0.513359000000000010
0.501718699999999962
0.502033599999999969
0.476255999999999957
0.334511999999999976
0.370126000000000011
0.496001000000000025
0.416309599999999946
0.411999999999999977
0.522523799999999983
0.441069199999999995
0.596159999999999912
0.554175599999999990
0.513789800000000074
0.535600000000000076
0.355259999999999965
0.408893300000000015
0.178749600000000008
0.290436189999999983
0.132232400000000000
0.316192000000000029
0.333704899999999971
0.670786199999999999
0.443693800000000027
0.643772800000000034
0.575666999999999929
0.468126870000000084
0.285427800000000009
0.717439999999999967
0.558199399999999901
0.435954999999999981
0.249241000000000018
0.268639800000000040
0.559422300000000039
0.434642399999999929
0.318230999999999986
0.338660099999999964
0.632302000000000031
0.430295800000000006
0.322978500000000057
0.687809200000000009
0.985551460000000046
0.129161799999999966
0.365339999999999998
0.362683699999999998
0.073870200000000011
0.370101000000000013
0.537529699999999999
0.147848399999999991
0.456220789999999932
0.986048000000000036
0.336788199999999982
0.648087999999999886
0.476773800000000081
0.364047999999999983
0.136715599999999965
0.017520300000000003
0.881693999999999978
0.434155639999999954
0.062832000000000013
0.693840559999999940
0.537589600000000001
0.540784000000000042
0.138555600000000029
0.452913210000000011
0.143559999999999993
0.370872200000000041
0.439147300000000018
0.139688399999999990
0.735264000000000029
0.366922339999999958
0.159691600000000017
0.727366800000000091
0.286320399999999919
0.344678800000000007
0.208139799999999986
0.379392000000000007
0.636940080000000020
0.585833599999999954
0.676065599999999933
0.987326999999999955
0.328046400000000016
0.346555439999999937
0.031786170000000002
0.519594200000000006
0.292418399999999967
0.361423900000000020
0.418097999999999970
0.460511999999999977
0.406971900000000053
0.234803199999999962
0.560775519999999972
0.473131399999999869
0.988428559999999901
0.469507399999999908
0.402141600000000043
0.127055835000000006
0.453701499999999980
0.179074304999999989
0.418685399999999985
0.689641599999999966
0.475428799999999929
0.979184700000000019
0.794676900000000019
0.635378060000000078
0.511291000000000051
0.543854400000000071
0.556996800000000070
0.562625299999999995
0.433980000000000032
0.496777600000000041
0.495985800000000032
0.521886005000000042
0.401716500000000032
0.547854500000000022
0.984063999999999939
0.577483999999999997
0.131706400000000029
0.700897000000000103
0.788790019999999981
0.477311399999999886
0.709924999999999917
0.677442164999999985
0.663675799999999927
0.857677999999999940
0.395477499999999982
0.672984870000000068
0.576149999999999940
0.520777000000000045
0.331364369999999964
0.509183999999999970
0.543136000000000063
0.853660399999999875
0.364316604999999960
0.791214400000000095
0.989017999999999953
0.365516800000000031
0.541540490000000041
0.506513400000000114
0.327551299999999990
0.486975099999999994
0.201343400000000006
0.723231999999999986
0.492589999999999972
0.492937599999999976
0.660742599999999958
0.747801399999999949
0.670640000000000014
0.010779200000000010
0.151393149999999976
0.505288000000000070
0.461094000000000004
0.456752399999999947
0.678176450000000042
0.739196100000000023
0.162325000000000025
0.488329869999999999
0.627328129999999984
0.436889599999999989
0.753610000000000113
0.660060000000000091
0.414869880000000024
0.362010800000000021
0.134284000000000014
0.380171399999999937
0.557863600000000015
0.483552000000000037
0.485307520000000048
0.194764799999999960
0.149563845000000029
0.491200000000000025
0.629136550000000017
0.579664799999999980
0.437446080000000015
0.672011799999999937
0.740054839999999992
0.656047300000000000
0.356900054999999994
0.379836800000000030
0.599367800000000006
0.155220000000000025
0.577406199999999981
0.645086399999999838
0.107711999999999988
0.208506400000000064
0.510577920000000018
0.277233599999999913
0.577441300000000046
0.517481999999999998
0.361069800000000052
0.752399999999999958
0.804491199999999962
0.615675560000000011
0.750557300000000094
0.500987999999999878
0.492449999999999943
0.268277900000000014
0.529472100000000001
0.482734594999999989
0.301086799999999988
0.175232924999999984
0.572450200000000020
0.274495299999999942
0.358195000000000041
0.515839999999999965
0.582810000000000050
0.986988399999999988
0.229073000000000027
0.988731800000000050
0.538151600000000063
0.445718000000000114
0.067810900000000007
0.617307799999999962
0.380115050000000065
0.640144620000000053
0.237292399999999959
0.683074999999999988
0.795891999999999933
0.713464800000000010
0.192731074999999974
0.517421999999999938
0.477895999999999987
0.519335749999999985
0.489080399999999971
0.201370400000000005
0.939315299999999853
0.208783899999999967
0.490191749999999926
0.077990200000000010
0.338497999999999966
0.466999920000000013
0.374851200000000051
0.386911919999999965
0.436800000000000022
0.657282799999999945
0.495776000000000105
0.685798200000000024
0.938879999999999937
0.486094600000000043
0.400046299999999966
0.432177599999999995
0.346204000000000067
0.208886000000000016
0.423055544999999977
0.303396799999999967
0.405433099999999991
0.575949000000000044
0.409144200000000013
0.235128199999999954
0.430935679999999988
0.988036000000000025
0.390393600000000007
0.240352000000000038
0.460195999999999938
0.427685799999999949
0.183882539999999955
0.463250999999999968
0.392699999999999938
0.588453600000000021
0.375526799999999994
0.949989429999999913
0.548960100000000173
0.754517599999999899
0.391861799999999982
0.186485200000000018
0.159728399999999993
0.624265999999999988
0.145387600000000006
0.364400500000000016
0.475930099999999967
0.118871679999999980
0.217004000000000002
0.617462599999999973
0.518515599999999965
0.658282819999999935
0.338445200000000002
0.192176400000000025
0.106336000000000014
0.544579799999999947
0.446296799999999994
0.494244800000000040
0.071197900000000008
0.558088399999999929
0.277451999999999976
0.619305200000000111
0.577031500000000031
0.384379799999999938
0.677943999999999991
0.495407600000000004
0.843812699999999971
0.388459400000000010
0.529938800000000043
0.505418549999999911
0.132847999999999966
0.703658399999999906
0.782266399999999917
0.609617500000000034
0.216796499999999975
0.314285999999999954
0.151351199999999991
0.342297599999999980
0.619256199999999923
0.270015999999999978
0.111052199999999976
0.081056000000000003
0.698147999999999991
0.056131769999999977
0.650784199999999924
0.178381599999999974
0.253338799999999975
0.400610600000000094
0.440865000000000007
0.439894839999999954
0.617072199999999960
0.774171100000000001
0.518021999999999982
0.382515064999999987
0.133723400000000020
0.616990000000000038
0.138913200000000014
0.529288500000000051
0.148617400000000011
0.278571600000000030
0.429659399999999969
0.660329299999999897
0.310187180000000007
0.328498259999999931
0.186264540000000006
0.310648325000000058
0.355088500000000029
0.453189999999999982
0.559742399999999973
0.460774410000000079
0.255823199999999917
0.403683999999999932
0.652129799999999982
0.351655800000000018
0.385770000000000057
0.554405040000000016
0.603829619999999956
0.206363999999999992
0.638911499999999855
0.490121300000000037
0.609969199999999989
0.353176400000000057
0.465140799999999965
0.305227999999999999
0.772351999999999927
0.005255900000000004
0.535067000000000070
0.582342399999999927
0.565940340000000042
0.548748199999999908
0.482557499999999973
0.572682600000000042
0.628319999999999879
0.366397399999999984
0.097483999999999987
0.626441999999999943
0.111915994999999963
0.564653999999999989
0.640704799999999963
0.498516799999999927
0.365472000000000019
0.267220139999999995
0.188970700000000047
0.214494200000000024
0.926143999999999967
0.708749999999999880
0.984048000000000034
0.278517500000000029
0.538524600000000020
0.137237000000000026
0.237302399999999969
0.674080000000000013
0.342366799999999971
0.665935799999999967
0.421701199999999998
0.051376399999999968
0.558875599999999917
0.614101999999999926
0.515726240000000002
0.283031099999999980
0.496404159999999928
0.192254000000000008
0.602206400000000031
0.857951399999999920
0.461631599999999975
0.988731800000000050
0.495073900000000067
0.364181299999999930
0.626484000000000041
0.758388800000000085
0.063158400000000017
0.014388299999999998
0.456531599999999982
0.570743599999999907
0.663491399999999953
0.177014339999999992
0.399319199999999930
0.525783800000000023
0.234283399999999975
0.278665350000000034
0.424644840000000023
0.605759000000000047
0.546815999999999969
0.493361499999999897
0.408767100000000050
0.311607540000000016
0.174903599999999937
0.176787599999999989
0.272375199999999984
0.643234620000000090
0.344008000000000091
0.990024000000000015
0.501302000000000025
0.635831999999999953
0.308878500000000000
0.260624400000000034
0.187639199999999978
0.682623999999999898
0.084361555000000005
0.333081999999999934
0.549524239999999997
0.628639089999999956
0.412127999999999994
0.805119999999999947
0.048100500000000018
0.289542600000000039
0.333425999999999889
0.337932300000000019
0.078843200000000002
0.576856599999999942
0.489942600000000006
0.318104129999999985
0.660799999999999943
0.039877790000000003
0.522719999999999962
0.359192800000000034
0.205438499999999996
0.178482344999999987
0.965225000000000000
0.534280000000000088
0.551015580000000060
0.371489999999999931
0.851194200000000012
0.505270399999999897
0.470556999999999948
0.204637000000000041
0.421875999999999973
0.638271999999999951
0.689154400000000056
0.470800000000000052
0.575842789999999938
0.440332199999999951
0.334705599999999992
0.232663700000000001
0.561791999999999958
0.517015299999999955
0.521708099999999897
0.451366399999999945
0.633539499999999922
0.137176999999999993
0.119519999999999987
0.231249999999999956
0.618277500000000035
0.331966800000000006
0.688592399999999993
0.064861425000000000
0.353048699999999993
0.469354799999999905
0.174869199999999975
0.350630799999999965
0.603384000000000031
0.560543999999999931
0.620764600000000000
0.651821200000000101
0.434077685000000046
0.087144750000000021
0.472827999999999971
0.597728400000000049
0.196689900000000029
0.681250200000000028
0.488620800000000022
0.875834514999999980
0.559679999999999955
0.976341599999999921
0.337439999999999962
0.091979570000000010
0.408737400000000028
0.466996099999999970
0.990016000000000007
0.587886499999999979
0.495998899999999909
0.736073800000000000
0.479817325000000072
0.375223700000000049
0.588926400000000072
0.425005900000000048
0.495743199999999995
0.287413200000000035
0.402054999999999996
0.537121799999999872
0.534911999999999943
0.548275200000000074
0.393052000000000068
0.077473800000000009
0.762033999999999878
0.445503299999999935
0.491099999999999981
0.783428739999999957
0.901591319999999974
0.731285799999999986
0.527046999999999932
0.513827400000000045
0.416304000000000007
0.009389800000000000
0.628384000000000054
0.351007799999999981
0.673396800000000018
0.734402500000000069
0.408069499999999974
0.305608800000000014
0.708609999999999962
0.300335999999999936
0.460684499999999997
0.351215200000000061
0.652030280000000073
0.183499999999999996
0.494537999999999922
0.990721200000000080
0.553242000000000012
0.297599999999999976
0.336560799999999993
0.376019799999999960
0.681536000000000031
0.229300800000000027
0.758909594999999992
0.574532000000000043
0.438596199999999992
0.513408699999999940
0.410405600000000093
0.987489129999999937
0.985947600000000035
0.314876199999999939
0.256694899999999948
0.105822199999999991
0.853335680000000041
0.880442199999999953
0.777798899999999960
0.340857599999999983
0.445123919999999895
0.789758399999999972
0.583074800000000004
0.351167999999999980
0.045795900000000014
0.637030800000000119
0.526880000000000015
0.430673749999999966
0.610479200000000111
0.431871999999999923
0.341337600000000019
0.647861899999999991
0.387452000000000019
0.488351399999999991
0.308404800000000034
0.590296249999999967
0.516007800000000016
0.458420899999999909
0.243829999999999991
0.592247199999999974
0.464106130000000006
0.598213800000000018
0.402785600000000021
0.437197149999999979
0.495177289999999992
0.455451200000000056
0.381347600000000064
0.408526000000000056
0.573592650000000037
0.483442199999999989
0.305657999999999985
0.354811399999999999
0.557884000000000047
0.208505600000000013
0.679344999999999977
0.467705700000000002
0.395830800000000038
0.443869799999999981
0.750944399999999956
0.705023999999999984
0.424300100000000013
0.313371600000000028
0.358845999999999943
0.365571200000000041
0.421415499999999943
0.455537599999999931
0.210974400000000006
0.615859200000000051
0.800387300000000135
0.358113209999999960
0.430271999999999988
0.491016000000000008
0.369860699999999931
0.441653099999999965
0.593983710000000054
0.490957800000000000
0.420195600000000002
0.293045999999999973
0.372824199999999994
0.528241399999999972
0.576130399999999931
0.473150000000000015
0.381547999999999943
0.151561999999999975
0.196951600000000004
0.264925134999999978
0.527370800000000028
0.358477799999999958
0.485633500000000051
0.317261400000000027
0.451381499999999936
0.710983000000000032
0.444352160000000052
0.335610399999999975
0.260658700000000021
